### 1. Health
{
  "status": "ok"
}

### 2. Create a run (deterministic synthetic dataset + step-0 checkpoint)
{
  "run_id": "sample-run",
  "run_dir": "/tmp/cp_runs2/sample-run",
  "state": {
    "global_step": 0,
    "epoch": 0,
    "pos": 0,
    "W": [
      0.003047170815989375,
      -0.010399840772151947,
      0.0075045120902359486,
      0.009405647404491901,
      -0.01951035112142563,
      -0.013021795079112053,
      0.0012784040300175548,
      -0.0031624259427189827
    ],
    "b": 0.0,
    "vW": [
      0.0,
      0.0,
      0.0,
      0.0,
      0.0,
      0.0,
      0.0,
      0.0
    ],
    "vb": 0.0,
    "loss": 19.034889221191406,
    "last_step_loss": null
  }
}

### 3. Train for a few batches (process could be killed here)
{
  "run_id": "sample-run",
  "steps_run_this_call": 5,
  "global_step": 5,
  "finished": false,
  "eval_loss": 1.0121889114379883,
  "snapshot": {
    "global_step": 5,
    "epoch": 0,
    "pos": 160,
    "W": [
      1.2940245866775513,
      0.293259859085083,
      0.13435044884681702,
      2.1151697635650635,
      -0.11769173294305801,
      -2.4743778705596924,
      0.5272996425628662,
      -0.7124758362770081
    ],
    "b": 0.9884474873542786,
    "vW": [
      -7.819810390472412,
      -0.6207559108734131,
      -0.24766390025615692,
      -11.416326522827148,
      0.48486024141311646,
      12.134532928466797,
      -1.9091964960098267,
      3.2913293838500977
    ],
    "vb": -3.7977607250213623,
    "loss": 1.0121889114379883,
    "last_step_loss": 3.224849224090576
  }
}

### 4. Status after a (simulated) restart - progress persisted
{
  "run_id": "sample-run",
  "config": {
    "n_samples": 512,
    "n_features": 8,
    "data_seed": 20260925,
    "train_seed": 42,
    "batch_size": 32,
    "lr": 0.05,
    "momentum": 0.9,
    "l2": 0.0001,
    "n_epochs": 4,
    "checkpoint_every": 8
  },
  "total_steps": 64,
  "global_step": 5,
  "epoch": 0,
  "pos": 160,
  "W": [
    1.2940245866775513,
    0.293259859085083,
    0.13435044884681702,
    2.1151697635650635,
    -0.11769173294305801,
    -2.4743778705596924,
    0.5272996425628662,
    -0.7124758362770081
  ],
  "b": 0.9884474873542786,
  "vW": [
    -7.819810390472412,
    -0.6207559108734131,
    -0.24766390025615692,
    -11.416326522827148,
    0.48486024141311646,
    12.134532928466797,
    -1.9091964960098267,
    3.2913293838500977
  ],
  "vb": -3.7977607250213623,
  "loss": 1.0121889114379883,
  "last_step_loss": 3.224849224090576,
  "history_len": 5
}

### 5. Resume and train to completion
{
  "run_id": "sample-run",
  "steps_run_this_call": 59,
  "global_step": 64,
  "finished": true,
  "eval_loss": 0.02703111805021763,
  "snapshot": {
    "global_step": 64,
    "epoch": 3,
    "pos": 512,
    "W": [
      1.9026894569396973,
      0.17056722939014435,
      -0.05951584130525589,
      2.5714917182922363,
      -0.18783912062644958,
      -2.910031318664551,
      0.37096932530403137,
      -0.8194375038146973
    ],
    "b": 0.5818168520927429,
    "vW": [
      0.29832231998443604,
      0.2807092070579529,
      -0.5267454981803894,
      0.6232297420501709,
      0.3423246145248413,
      -0.14610555768013,
      -0.03255254775285721,
      0.0956723541021347
    ],
    "vb": -0.16907216608524323,
    "loss": 0.02703111805021763,
    "last_step_loss": 0.0230079535394907
  }
}

### 6. Inspect the committed checkpoint (all 4 mandatory sections present)
{
  "run_id": "sample-run",
  "format_version": 1,
  "has_model": true,
  "has_optimizer_state": true,
  "has_rng_state": true,
  "has_cursor": true,
  "cursor": {
    "n_samples": 512,
    "epoch": 3,
    "pos": 512,
    "permutation": [
      139,
      341,
      450,
      432,
      206,
      34,
      3,
      72,
      29,
      88,
      146,
      380,
      229,
      330,
      410,
      196,
      285,
      508,
      501,
      48,
      493,
      338,
      458,
      250,
      95,
      201,
      466,
      148,
      124,
      426,
      73,
      459,
      253,
      2,
      166,
      266,
      240,
      394,
      409,
      365,
      354,
      155,
      211,
      446,
      313,
      127,
      297,
      424,
      251,
      476,
      288,
      472,
      361,
      227,
      194,
      259,
      422,
      133,
      359,
      109,
      328,
      43,
      362,
      378,
      213,
      438,
      47,
      298,
      494,
      326,
      205,
      454,
      92,
      461,
      379,
      453,
      5,
      301,
      467,
      190,
      28,
      175,
      462,
      492,
      58,
      80,
      70,
      59,
      488,
      497,
      343,
      496,
      121,
      456,
      180,
      299,
      178,
      474,
      107,
      324,
      502,
      505,
      448,
      120,
      64,
      377,
      449,
      428,
      91,
      234,
      208,
      77,
      303,
      165,
      114,
      273,
      263,
      16,
      460,
      248,
      500,
      221,
      131,
      113,
      268,
      193,
      130,
      195,
      13,
      33,
      436,
      111,
      174,
      478,
      238,
      393,
      471,
      489,
      115,
      480,
      350,
      329,
      320,
      286,
      158,
      66,
      479,
      430,
      317,
      159,
      404,
      65,
      423,
      421,
      103,
      128,
      199,
      40,
      384,
      256,
      411,
      150,
      373,
      385,
      184,
      170,
      318,
      332,
      222,
      252,
      69,
      483,
      183,
      445,
      102,
      230,
      366,
      305,
      425,
      412,
      369,
      391,
      414,
      225,
      383,
      242,
      125,
      87,
      498,
      314,
      291,
      339,
      374,
      62,
      264,
      22,
      186,
      75,
      334,
      219,
      511,
      140,
      168,
      403,
      356,
      364,
      275,
      152,
      431,
      53,
      400,
      257,
      280,
      157,
      99,
      464,
      214,
      302,
      452,
      490,
      427,
      283,
      357,
      30,
      441,
      260,
      477,
      24,
      50,
      96,
      345,
      416,
      52,
      89,
      187,
      255,
      233,
      98,
      304,
      198,
      105,
      202,
      101,
      207,
      12,
      245,
      100,
      239,
      491,
      321,
      68,
      451,
      333,
      85,
      82,
      316,
      200,
      142,
      323,
      156,
      367,
      147,
      468,
      235,
      223,
      442,
      210,
      261,
      164,
      162,
      465,
      300,
      282,
      437,
      237,
      185,
      351,
      482,
      381,
      7,
      306,
      499,
      293,
      188,
      27,
      294,
      209,
      295,
      243,
      342,
      57,
      405,
      406,
      160,
      76,
      232,
      399,
      117,
      20,
      398,
      23,
      81,
      287,
      355,
      149,
      167,
      224,
      440,
      163,
      179,
      189,
      289,
      360,
      443,
      112,
      315,
      191,
      173,
      389,
      290,
      457,
      134,
      375,
      504,
      249,
      415,
      135,
      347,
      44,
      337,
      376,
      25,
      37,
      60,
      32,
      310,
      93,
      216,
      122,
      119,
      203,
      226,
      327,
      390,
      79,
      433,
      340,
      274,
      123,
      349,
      486,
      470,
      74,
      382,
      220,
      212,
      388,
      386,
      475,
      116,
      56,
      402,
      281,
      143,
      144,
      215,
      51,
      417,
      61,
      14,
      197,
      244,
      265,
      319,
      83,
      258,
      429,
      408,
      439,
      487,
      141,
      435,
      368,
      418,
      276,
      136,
      104,
      154,
      353,
      108,
      19,
      4,
      97,
      39,
      372,
      0,
      6,
      484,
      151,
      463,
      181,
      247,
      129,
      254,
      71,
      49,
      392,
      395,
      84,
      335,
      171,
      473,
      176,
      279,
      311,
      192,
      397,
      78,
      278,
      387,
      284,
      308,
      272,
      363,
      90,
      15,
      509,
      153,
      182,
      277,
      267,
      138,
      17,
      352,
      444,
      455,
      94,
      231,
      45,
      469,
      137,
      271,
      9,
      246,
      177,
      63,
      322,
      413,
      447,
      348,
      262,
      10,
      54,
      510,
      8,
      106,
      132,
      419,
      11,
      296,
      228,
      325,
      161,
      344,
      26,
      41,
      241,
      401,
      86,
      31,
      407,
      145,
      434,
      309,
      420,
      503,
      371,
      396,
      331,
      42,
      481,
      236,
      312,
      217,
      55,
      507,
      118,
      370,
      172,
      36,
      336,
      495,
      38,
      126,
      485,
      21,
      269,
      1,
      270,
      169,
      46,
      18,
      307,
      67,
      204,
      35,
      292,
      218,
      110,
      506,
      346,
      358
    ],
    "global_step": 64
  },
  "data_fingerprint": "6270952dc079aa6d4b1140536b61e0c86fbb37c52015a298dcb64de1e64c62a1",
  "loss_history_len": 64
}

### 7. List all runs
[
  {
    "run_id": "sample-run",
    "committed": true,
    "steps_committed": 64,
    "global_step": 64
  }
]

### Error samples
# 7a. Create the same run again -> 409
{"error": "RunExistsError", "detail": "run already exists: sample-run"}
HTTP 409
# 7b. Unknown run -> 404
{"error": "RunNotFoundError", "detail": "unknown run: does-not-exist"}
HTTP 404
# 7c. Invalid config -> 400
{"error": "InvalidRequestError", "detail": "batch_size must be positive"}
HTTP 400
